8
6 7
1 1 1 1 1 1
94 13
0 0 1 1 0 1 1 0 1 1 1 0 0 0 0 0 1 0 0 1 0 0 0 1 0 0 0 0 1 0 0 0 1 0 1 0 0 0 0 1 1 1 1 1 0 1 1 0 0 1 0 0 0 0 1 0 1 1 0 0 0 0 1 1 1 1 0 1 1 1 0 0 1 0 0 1 0 1 1 0 0 1 0 1 1 0 0 1 0 1 0 0 1 1
7 12
1 1 0 1 0 1 1
47 8
0 0 0 0 1 1 0 0 1 0 1 1 0 1 1 0 1 0 0 0 0 0 1 1 1 0 0 0 1 0 0 1 0 1 0 1 0 0 0 1 1 1 0 0 1 1 1
97 4
0 1 0 1 0 1 1 0 1 0 0 0 1 1 1 1 0 0 1 1 1 1 0 0 1 1 1 1 0 1 0 1 1 0 1 1 0 1 0 1 1 0 0 1 1 0 0 1 0 1 0 1 1 1 0 1 1 1 0 1 0 0 0 0 1 0 1 1 0 1 0 1 0 1 0 1 1 1 1 1 0 1 1 1 0 0 0 1 1 0 1 0 0 0 1 1 0
100 12
0 0 1 0 1 1 1 1 0 1 1 0 0 1 0 1 0 0 1 0 1 0 0 0 0 0 1 0 0 1 1 1 1 0 0 1 0 1 0 0 0 0 1 0 0 1 0 1 0 0 0 1 0 1 1 1 1 0 0 0 1 0 1 1 1 1 0 1 1 0 0 1 0 0 1 1 1 0 1 0 1 0 1 0 1 0 1 0 0 0 0 0 1 1 1 0 1 0 1 1
10 11
1 0 1 1 0 1 1 0 1 0
93 13
1 1 1 0 1 0 1 1 1 1 0 0 1 0 1 0 1 1 0 1 0 0 1 1 1 1 1 0 1 1 0 1 1 1 1 0 1 1 0 0 0 0 0 1 0 0 0 0 1 1 0 1 0 0 0 0 1 1 0 0 0 0 0 1 1 1 0 1 0 1 1 1 1 1 0 1 1 1 1 0 0 0 1 0 1 0 0 1 1 1 0 1 1
